5 0 -1
10 1 -1
15 2 -1
20 3 -1
25 4 -1
30 5 -1
35 6 -1
40 7 -1
45 8 -1
50 9 -1
55 10 -1
60 11 -1
65 12 -1
70 13 -1
75 14 -1
80 15 -1
85 16 -1
90 17 -1
95 18 -1
100 19 -1
105 20 -1
110 21 -1
115 22 -1
120 23 -1
125 24 -1
130 25 -1
135 26 -1
140 27 -1
145 28 -1
150 29 -1
155 30 -1
160 31 -1
165 32 -1
170 33 -1
175 34 -1
180 35 -1
185 36 -1
190 37 -1
195 38 -1
200 39 -1
205 40 -1
210 41 -1
215 42 -1
220 43 -1
225 44 -1
230 45 -1
235 46 -1
240 47 -1
245 48 -1
250 49 -1
255 50 -1
260 51 -1
265 52 -1
270 53 -1
275 54 -1
280 55 -1
285 56 -1
290 57 -1
295 58 -1
300 59 -1
305 60 -1
310 61 -1
315 62 -1
320 63 -1
325 64 -1
330 65 -1
335 66 3
340 67 -1
345 68 -1
350 69 -1
355 70 -1
360 71 -1
365 72 -1
370 73 -1
375 74 -1
380 75 -1
385 76 -1
390 77 -1
395 78 -1
400 79 -1
405 80 -1
410 81 -1
415 82 -1
420 83 -1
425 84 -1
430 85 -1
435 86 -1
440 87 -1
445 88 -1
450 89 -1
455 90 -1
460 91 -1
465 92 -1
470 93 -1
475 94 -1
480 95 -1
485 96 -1
490 97 -1
495 98 -1
500 99 -1
505 100 -1
510 101 -1
515 102 -1
520 103 -1
525 104 -1
530 105 -1
535 106 -1
540 107 -1
545 108 -1
550 109 -1
555 110 -1
560 111 -1
565 112 -1
570 113 -1
575 114 -1
580 115 -1
585 116 -1
590 117 -1
595 118 -1
600 119 -1
605 120 -1
610 121 -1
615 122 -1
620 123 -1
625 124 -1
630 125 -1
635 126 -1
640 127 -1
645 128 -1
650 129 -1
655 130 -1
660 131 -1
665 132 -1
670 133 -1
675 134 -1
680 135 -1
685 136 -1
690 137 -1
695 138 -1
700 139 -1
705 140 -1
710 141 -1
715 142 -1
720 143 -1
725 144 -1
730 145 -1
735 146 -1
740 147 -1
745 148 -1
750 149 -1
755 150 -1
760 151 -1
765 152 -1
770 153 -1
775 154 -1
780 155 -1
785 156 -1
790 157 -1
795 158 -1
800 159 -1
805 160 -1
810 161 -1
815 162 -1
820 163 -1
825 164 -1
830 165 -1
835 166 -1
840 167 -1
845 168 -1
850 169 -1
855 170 -1
860 171 -1
865 172 -1
870 173 -1
875 174 -1
880 175 -1
885 176 -1
890 177 -1
895 178 -1
900 179 -1
905 180 -1
910 181 -1
915 182 -1
920 183 -1
925 184 -1
930 185 -1
935 186 -1
940 187 -1
945 188 -1
950 189 -1
955 190 -1
960 191 -1
965 192 -1
970 193 -1
975 194 -1
980 195 -1
985 196 -1
990 197 -1
995 198 -1
1000 199 -1
1005 200 -1
1010 201 -1
1015 202 -1
1020 203 -1
1025 204 -1
1030 205 -1
1035 206 -1
1040 207 -1
1045 208 -1
1050 209 -1
1055 210 -1
1060 211 -1
1065 212 -1
1070 213 -1
1075 214 -1
1080 215 -1
1085 216 -1
1090 217 -1
1095 218 -1
1100 219 -1
1105 220 -1
1110 221 -1
1115 222 -1
1120 223 -1
1125 224 -1
1130 225 -1
1135 226 -1
1140 227 -1
1145 228 -1
1150 229 -1
1155 230 -1
1160 231 -1
1165 232 -1
1170 233 -1
1175 234 -1
1180 235 -1
1185 236 -1
1190 237 -1
1195 238 -1
1200 239 -1
1205 240 -1
1210 241 -1
1215 242 -1
1220 243 -1
1225 244 -1
1230 245 -1
1235 246 -1
1240 247 -1
1245 248 -1
1250 249 -1
1255 250 -1
1260 251 -1
1265 252 -1
1270 253 -1
1275 254 -1
1280 255 -1
1285 256 -1
1290 257 -1
1295 258 -1
1300 259 -1
1305 260 -1
1310 261 -1
1315 262 -1
1320 263 -1
1325 264 -1
1330 265 -1
1335 266 -1
1340 267 -1
1345 268 -1
1350 269 -1
1355 270 -1
1360 271 -1
1365 272 -1
1370 273 -1
1375 274 -1
1380 275 -1
1385 276 -1
1390 277 -1
1395 278 -1
1400 279 -1
1405 280 -1
1410 281 -1
1415 282 -1
1420 283 157
1425 284 157
1430 285 157
1435 286 -1
1440 287 -1
1445 288 -1
1450 289 -1
1455 290 -1
1460 291 -1
1465 292 -1
1470 293 -1
1475 294 -1
1480 295 -1
1485 296 -1
1490 297 -1
1495 298 -1
1500 299 -1
1505 300 -1
1510 301 -1
1515 302 139
1520 303 139
1525 304 -1
1530 305 -1
1535 306 -1
1540 307 -1
1545 308 -1
1550 309 -1
1555 310 -1
1560 311 -1
1565 312 -1
1570 313 -1
1575 314 -1
1580 315 -1
1585 316 -1
1590 317 -1
1595 318 -1
1600 319 47
1605 320 49
1610 321 49
1615 322 51
1620 323 49
1625 324 50
1630 325 47
1635 326 48
1640 327 46
1645 328 47
1650 329 43
1655 330 43
1660 331 42
1665 332 41
1670 333 42
1675 334 40
1680 335 42
1685 336 41
1690 337 41
1695 338 40
1700 339 37
1705 340 39
1710 341 37
1715 342 37
1720 343 34
1725 344 32
1730 345 31
1735 346 32
1740 347 27
1745 348 28
1750 349 27
1755 350 27
1760 351 27
5 0 -1
10 1 -1
15 2 -1
20 3 -1
25 4 -1
30 5 -1
35 6 -1
40 7 -1
45 8 -1
50 9 -1
55 10 -1
60 11 -1
65 12 -1
70 13 -1
75 14 -1
80 15 -1
85 16 -1
90 17 -1
95 18 -1
100 19 -1
105 20 -1
110 21 -1
115 22 -1
120 23 -1
125 24 -1
130 25 -1
135 26 -1
140 27 -1
145 28 -1
150 29 -1
155 30 -1
160 31 -1
165 32 -1
170 33 -1
175 34 -1
180 35 -1
185 36 -1
190 37 -1
195 38 -1
200 39 -1
205 40 -1
210 41 -1
215 42 -1
220 43 -1
225 44 -1
230 45 -1
235 46 -1
240 47 -1
245 48 -1
250 49 -1
255 50 -1
260 51 -1
265 52 -1
270 53 -1
275 54 -1
280 55 -1
285 56 -1
290 57 -1
295 58 -1
300 59 -1
305 60 -1
310 61 -1
315 62 -1
320 63 -1
325 64 -1
330 65 -1
335 66 3
340 67 -1
345 68 -1
350 69 -1
355 70 -1
360 71 -1
365 72 -1
370 73 -1
375 74 -1
380 75 -1
385 76 -1
390 77 -1
395 78 -1
400 79 -1
405 80 -1
410 81 -1
415 82 -1
420 83 -1
425 84 -1
430 85 -1
435 86 -1
440 87 -1
445 88 -1
450 89 -1
455 90 -1
460 91 -1
465 92 -1
470 93 -1
475 94 -1
480 95 -1
485 96 -1
490 97 -1
495 98 -1
500 99 -1
505 100 -1
510 101 -1
515 102 -1
520 103 -1
525 104 -1
530 105 -1
535 106 -1
540 107 -1
545 108 -1
550 109 -1
555 110 -1
560 111 -1
565 112 -1
570 113 -1
575 114 -1
580 115 -1
585 116 -1
590 117 -1
595 118 -1
600 119 -1
605 120 -1
610 121 -1
615 122 -1
620 123 -1
625 124 -1
630 125 -1
635 126 -1
640 127 -1
645 128 -1
650 129 -1
655 130 -1
660 131 -1
665 132 -1
670 133 -1
675 134 -1
680 135 -1
685 136 -1
690 137 -1
695 138 -1
700 139 -1
705 140 -1
710 141 -1
715 142 -1
720 143 -1
725 144 -1
730 145 -1
735 146 -1
740 147 -1
745 148 -1
750 149 -1
755 150 -1
760 151 -1
765 152 -1
770 153 -1
775 154 -1
780 155 -1
785 156 -1
790 157 -1
795 158 -1
800 159 -1
805 160 -1
810 161 -1
815 162 -1
820 163 -1
825 164 -1
830 165 -1
835 166 -1
840 167 -1
845 168 -1
850 169 -1
855 170 -1
860 171 -1
865 172 -1
870 173 -1
875 174 -1
880 175 -1
885 176 -1
890 177 -1
895 178 -1
900 179 -1
905 180 -1
910 181 -1
915 182 -1
920 183 -1
925 184 -1
930 185 -1
935 186 -1
940 187 -1
945 188 -1
950 189 -1
955 190 -1
960 191 -1
965 192 -1
970 193 -1
975 194 -1
980 195 -1
985 196 -1
990 197 -1
995 198 -1
1000 199 -1
1005 200 -1
1010 201 -1
1015 202 -1
1020 203 -1
1025 204 -1
1030 205 -1
1035 206 -1
1040 207 -1
1045 208 -1
1050 209 -1
1055 210 -1
1060 211 -1
1065 212 -1
1070 213 -1
1075 214 -1
1080 215 -1
1085 216 -1
1090 217 -1
1095 218 -1
1100 219 -1
1105 220 -1
1110 221 -1
1115 222 -1
1120 223 -1
1125 224 -1
1130 225 -1
1135 226 -1
1140 227 -1
1145 228 -1
1150 229 -1
1155 230 -1
1160 231 -1
1165 232 -1
1170 233 -1
1175 234 -1
1180 235 -1
1185 236 -1
1190 237 -1
1195 238 -1
1200 239 -1
1205 240 -1
1210 241 -1
1215 242 -1
1220 243 -1
1225 244 -1
1230 245 -1
1235 246 -1
1240 247 -1
1245 248 -1
1250 249 -1
1255 250 -1
1260 251 -1
1265 252 -1
1270 253 -1
1275 254 -1
1280 255 -1
1285 256 -1
1290 257 -1
1295 258 -1
1300 259 -1
1305 260 -1
1310 261 -1
1315 262 -1
1320 263 -1
1325 264 -1
1330 265 -1
1335 266 -1
1340 267 -1
1345 268 -1
1350 269 -1
1355 270 -1
1360 271 -1
1365 272 -1
1370 273 -1
1375 274 -1
1380 275 -1
1385 276 -1
1390 277 -1
1395 278 -1
1400 279 -1
1405 280 -1
1410 281 -1
1415 282 -1
1420 283 157
1425 284 157
1430 285 157
1435 286 -1
1440 287 -1
1445 288 -1
1450 289 -1
1455 290 -1
1460 291 -1
1465 292 -1
1470 293 -1
1475 294 -1
1480 295 -1
1485 296 -1
1490 297 -1
1495 298 -1
1500 299 -1
1505 300 -1
1510 301 -1
1515 302 139
1520 303 139
1525 304 -1
1530 305 -1
1535 306 -1
1540 307 -1
1545 308 -1
1550 309 -1
1555 310 -1
1560 311 -1
1565 312 -1
1570 313 -1
1575 314 -1
1580 315 -1
1585 316 -1
1590 317 -1
1595 318 -1
1600 319 47
1605 320 49
1610 321 49
1615 322 51
1620 323 49
1625 324 50
1630 325 47
1635 326 48
1640 327 46
1645 328 47
1650 329 43
1655 330 43
1660 331 42
1665 332 41
1670 333 42
1675 334 40
1680 335 42
1685 336 41
1690 337 41
1695 338 40
1700 339 37
1705 340 39
1710 341 37
1715 342 37
1720 343 34
